participantNr	age	female	BEAST_S	move1	move2	move3	comply1	comply2	comply3	DG_self_SELFISH	DG_self_withSocInfo_SELFISH	DG_self_FAIR	DG_self_withSocInfo_FAIR	factor_S	factor_S2
1	11	1	0.701190476	12536	8480	12479	1	0	1	10	10	5	6	NA	NA
2	10	1	0.608333333	12856	14320	12696	1	1	1	8	10	7	6	0.762189581	-1.147013267
3	12	0	0.221666667	13504	2168	12760	1	0	1	10	10	10	5	0.429322744	-1.264105968
4	10	0	0.583333333	13073	3631	10744	1	0	0	7	7	6	8	0.44456595	-1.196154401
5	12	1	0.244313725	3752	12600	12548	0	1	1	6	9	6	7	0.279839214	-1.326744939
6	12	1	0.227301587	5664	14048	12504	0	1	1	10	8	6	5	0.442076431	-1.261127047
7	12	0	0.35	3480	2560	8744	0	0	0	10	10	10	5	0.378952523	-1.378557063
8	11	1	0.524871795	5799	3088	6104	0	0	0	9	9	10	9	0.051414846	-1.465421355
9	11	1	0.424603175	12799	4488	12513	1	0	1	6	8	8	6	0.553968304	-1.193505415
10	10	1	0.546428571	11456	12024	12712	0	1	1	5	5	5	5	0.361058941	-1.215703614
11	10	1	0.348571429	13568	10952	12664	1	0	1	5	10	5	6	0.716855144	-1.020551211
12	11	0	0	8736	2528	2184	0	0	0	8	10	10	10	-0.820439986	-1.62058379
13	11	1	0.514426129	14127	7119	17328	1	0	1	5	8	10	10	0.529637936	-1.230727536
14	12	1	0.328138528	10480	12711	12624	0	1	1	5	10	7	5	0.670515753	-1.207765945
15	12	1	0.73996004	12615	4496	3039	1	0	0	5	8	10	5	1.445863251	-1.049033443
16	12	1	0.338888889	12848	6768	8376	1	0	0	5	6	10	10	-0.02757491	-1.470257927
17	12	1	0.754401848	12712	12703	12616	1	1	1	5	5	6	5	0.891515417	-1.315581827
18	11	1	0.315	3552	2327	13104	0	0	1	10	10	10	5	0.299730756	-1.310914121
19	11	1	0	12679	2928	2288	1	0	0	10	10	7	6	-0.47113501	-1.442398272
20	10	0	0	12664	3840	4712	1	0	0	5	6	5	5	-0.710476279	-1.444301883
21	11	1	0.381538462	13608	4087	12664	1	0	1	10	9	8	5	0.791656951	-1.091359254
22	11	0	0.20508658	14641	3384	2624	1	0	0	7	7	5	5	-0.408993987	-1.483069731
23	11	1	0.57031746	2032	11215	12680	0	0	1	5	10	6	5	0.876592614	-1.179262457
24	11	1	0.48245614	5240	3559	2663	0	0	0	6	8	10	5	0.477853088	-1.297394619
25	11	0	0.116666667	2760	12455	12368	0	1	1	7	8	5	5	-0.341718795	-1.430580315
26	11	0	0.2	3608	2720	7536	0	0	0	5	5	5	5	-0.768941822	-1.663551347
27	11	0	0.663492063	4008	2104	12863	0	0	1	9	10	8	7	0.819904133	-1.228301571
28	11	1	0.455555556	2535	12712	12592	0	1	1	NA	NA	5	5	NA	NA
29	11	0	0.347402597	7968	7591	13032	0	0	1	5	6	6	4	-0.271093424	-1.528152491
30	12	0	0.461868687	9888	16608	7008	0	1	0	6	7	6	5	0.671945864	-1.249143444
31	10	1	0.5625	10032	12512	7264	0	1	0	8	9	10	9	0.678805308	-1.102229719
32	NA	NA	NA	NA	NA	NA	NA	NA	NA	7	10	NA	NA	NA	NA
33	11	0	0.486111111	12608	2920	3415	1	0	0	5	5	5	5	0.224685551	-1.335242196
34	11	1	0.406818182	13088	3343	12657	1	0	1	8	8	9	7	0.246019832	-1.302541683
35	11	1	0.777529762	17703	3344	14445	1	0	1	10	10	8	6	1.423599519	-0.980679684
36	10	1	0.473710317	5145	11072	12728	0	0	1	8	10	10	5	0.658597532	-1.143592765
37	11	1	0.804273504	12703	8200	5624	1	0	0	5	7	6	4	1.26873877	-1.046804908
38	10	0	0.125	12945	3144	2631	1	0	0	5	5	10	10	-0.589108574	-1.438004592
39	10	1	0.84	13400	3303	3288	1	0	0	5	10	10	10	1.431164994	-0.908897859
40	12	0	0.511544012	5640	12384	17456	0	1	1	5	0	NA	NA	NA	NA
41	11	1	0.443181818	4144	13224	12768	0	1	1	6	8	NA	NA	0.529053723	-1.208611107
42	10	0	0.3125	12625	3312	12656	1	0	1	5	5	NA	NA	-0.167103887	-1.339307643
43	NA	NA	NA	NA	NA	NA	NA	NA	NA	NA	NA	7	6	NA	NA
44	NA	NA	NA	NA	NA	NA	NA	NA	NA	NA	NA	10	9	NA	NA
45	NA	NA	NA	NA	NA	NA	NA	NA	NA	NA	NA	5	1	NA	NA
46	NA	NA	NA	NA	NA	NA	NA	NA	NA	NA	NA	6	5	NA	NA
47	NA	NA	NA	NA	NA	NA	NA	NA	NA	NA	NA	NA	NA	NA	NA
48	NA	NA	NA	NA	NA	NA	NA	NA	NA	NA	NA	NA	NA	NA	NA
49	NA	NA	NA	NA	NA	NA	NA	NA	NA	NA	NA	NA	NA	NA	NA
50	NA	NA	NA	NA	NA	NA	NA	NA	NA	NA	NA	NA	NA	NA	NA
51	16	0	0.25	2761	2528	2136	0	0	0	10	10	6	6	-0.654762354	-2.072052556
52	17	0	0	12416	12512	12503	1	1	1	5	5	5	5	-1.226898893	-2.292292352
53	14	1	0.577575758	12663	5232	12577	1	0	1	8	10	7	5	1.2374333	-1.251359506
54	17	1	0.324819625	12936	12672	12975	1	1	1	5	5	5	5	-0.484126956	-2.120137636
55	13	1	0.237333333	13088	12592	2328	1	1	0	10	10	10	10	-0.683676449	-1.817267231
56	16	0	0.341485443	2624	2679	2392	0	0	0	5	5	10	10	-0.446154014	-2.023833675
57	13	1	0.201165501	13577	3512	2672	1	0	0	10	10	10	10	-0.417817093	-1.658770549
58	17	0	0.152626263	9849	6423	12576	0	0	1	10	10	10	10	-0.877236157	-2.211267001
59	13	0	0.25363759	16476	4872	2751	1	0	0	5	6	5	5	-0.139777521	-1.572279156
60	13	1	0.335353535	14272	3927	12695	1	0	1	5	7	5	5	0.204834986	-1.470211957
61	16	1	0.177062937	12456	12376	12408	1	1	1	10	10	10	10	-0.821361207	-2.110552208
62	13	1	0.44009768	12976	12483	12512	1	1	1	5	5	5	5	-0.221724263	-1.711349423
63	17	0	0.389742142	11953	3608	12440	0	0	1	10	10	10	10	-0.336272987	-2.085854597
64	14	0	0.483333333	12536	2664	7183	1	0	0	5	8	8	7	0.593214012	-1.459841452
65	17	0	0.171428571	12496	12416	12320	1	1	1	10	10	10	10	-0.834241689	-2.201301875
66	15	0	0.429112554	12464	4568	2560	1	0	0	5	6	10	10	0.176096121	-1.683476134
67	15	0	0.579401154	5872	12432	2176	0	1	0	0	0	5	5	0.435665832	-1.634524545
68	17	0	0.454559885	2640	2400	2824	0	0	0	10	10	10	10	-0.188846317	-2.051667198
69	14	0	0.607936508	5240	13327	12528	0	1	1	5	5	8	6	0.768455769	-1.433961837
70	14	0	0.909090909	3425	2680	12496	0	0	1	7	10	5	6	1.638643944	-1.261170092
71	15	1	0.076923077	7480	12424	2015	0	1	0	10	10	10	10	-0.69714079	-1.896042072
72	14	0	0.153409091	2567	2136	2392	0	0	0	10	10	10	5	-0.066661402	-1.652726196
73	16	1	0.33015873	13312	12463	11792	1	1	0	5	5	5	5	-0.471960453	-2.029799347
74	15	1	0.312698413	12432	12375	12425	1	1	1	5	5	6	5	-0.107942845	-1.803613328
75	14	0	0.563915149	9831	2055	12449	0	0	1	10	10	9	7	0.461404613	-1.586151884
76	15	0	0.311111111	2048	2576	2760	0	0	0	10	10	8	5	0.290925398	-1.656995828
77	16	0	0.097222222	12512	12608	12672	1	1	1	10	10	10	10	-1.004028607	-2.152755125
78	17	1	0.208471673	2560	2360	2088	0	0	0	5	10	6	5	0.058307833	-1.883981759
79	16	0	0.510917318	5016	3208	2160	0	0	0	10	10	10	10	-0.060811308	-1.934735605
80	15	0	0.370969308	12552	4201	12663	1	0	1	5	4	9	9	-0.035273286	-1.743229629
81	15	0	0.254545455	13424	12464	12544	1	1	1	7	7	7	6	-0.442069482	-1.908072198
82	16	0	0.066666667	3480	2455	11769	0	0	0	5	10	10	5	-0.263793029	-1.871351669
83	15	1	0.31547619	3832	2600	8160	0	0	0	8	10	10	10	-0.101633242	-1.802160655
84	14	0	0.090909091	3752	10376	12464	0	0	1	6	7	6	6	-0.9169268	-1.943963602
85	17	0	0.3004329	2304	2384	2889	0	0	0	5	5	5	3	-0.539715079	-2.1330259
86	14	0	0	12736	12472	12720	1	1	1	5	5	5	5	-1.226898893	-2.028933719
87	13	0	0.600854701	7248	12567	12536	0	1	1	6	10	10	10	0.886680752	-1.300691592
88	15	1	0.361538462	12552	3071	2264	1	0	0	5	10	10	8	0.504918474	-1.54157811
89	13	1	0.490277778	4888	12456	12424	0	1	1	5	7	5	5	0.555336058	-1.388772104
90	16	0	0.238730159	8872	2615	6496	0	0	0	5	6	6	6	-0.599489198	-2.048199222
91	13	0	0.264052288	2424	3328	12576	0	0	1	10	10	10	10	-0.622694265	-1.803291155
92	14	0	0	12744	12584	12640	1	1	1	10	10	5	5	NA	NA
93	15	0	0.353968254	4543	5400	3736	0	0	0	10	10	9	6	0.187006732	-1.708283583
94	16	1	0.280153754	2896	2896	2560	0	0	0	10	10	6	6	-0.585961346	-2.056150826
95	14	0	0.376172249	4378	2880	2080	0	0	0	10	10	8	10	NA	NA
96	15	0	0.288888889	12423	4111	12456	1	0	1	6	8	6	5	0.380648081	-1.56482462
97	13	0	0.398484848	12432	2655	2600	1	0	0	10	10	10	5	0.830125845	-1.258334294
98	16	0	0.14047619	12520	2144	4288	1	0	0	5	5	5	5	-0.554317883	-1.949092107
99	15	0	0.630871212	12664	3527	2343	1	0	0	10	10	5	5	NA	NA
100	15	0	0.273484848	12496	12527	12440	1	1	1	10	10	6	6	-0.601173902	-1.972319684
101	20	1	0.095833333	14975	14480	14277	1	1	1	10	10	10	10	-1.007209067	-2.506822226
102	19	1	0.228510379	10215	12511	12530	0	1	1	5	5	5	5	-0.356276311	-2.160784577
103	20	0	0.148205128	12496	12368	12263	1	1	1	5	5	5	5	-0.887348324	-2.478764239
104	18	1	0.166666667	13864	12520	5296	1	1	0	5	5	10	10	-0.845124416	-2.291885301
105	19	0	0.207575758	2448	2504	2327	0	0	0	5	5	10	10	-0.751634142	-2.358421086
106	NA	NA	NA	NA	NA	NA	NA	NA	NA	5	0	NA	NA	NA	NA
107	NA	NA	NA	NA	NA	NA	NA	NA	NA	NA	NA	NA	NA	NA	NA
108	NA	NA	NA	NA	NA	NA	NA	NA	NA	NA	NA	NA	NA	NA	NA
109	NA	NA	NA	NA	NA	NA	NA	NA	NA	NA	NA	NA	NA	NA	NA
110	NA	NA	NA	NA	NA	NA	NA	NA	NA	NA	NA	NA	NA	NA	NA
111	NA	NA	NA	NA	NA	NA	NA	NA	NA	NA	NA	NA	NA	NA	NA
112	NA	NA	NA	NA	NA	NA	NA	NA	NA	NA	NA	NA	NA	NA	NA
113	NA	NA	NA	NA	NA	NA	NA	NA	NA	NA	NA	NA	NA	NA	NA
114	NA	NA	NA	NA	NA	NA	NA	NA	NA	NA	NA	NA	NA	NA	NA
115	NA	NA	NA	NA	NA	NA	NA	NA	NA	NA	NA	NA	NA	NA	NA
116	NA	NA	NA	NA	NA	NA	NA	NA	NA	NA	NA	NA	NA	NA	NA
117	NA	NA	NA	NA	NA	NA	NA	NA	NA	NA	NA	NA	NA	NA	NA
118	NA	NA	NA	NA	NA	NA	NA	NA	NA	NA	NA	NA	NA	NA	NA
119	NA	NA	NA	NA	NA	NA	NA	NA	NA	NA	NA	NA	NA	NA	NA
120	NA	NA	NA	NA	NA	NA	NA	NA	NA	NA	NA	NA	NA	NA	NA
121	NA	NA	NA	NA	NA	NA	NA	NA	NA	NA	NA	NA	NA	NA	NA
122	NA	NA	NA	NA	NA	NA	NA	NA	NA	NA	NA	NA	NA	NA	NA
123	NA	NA	NA	NA	NA	NA	NA	NA	NA	NA	NA	NA	NA	NA	NA
124	NA	NA	NA	NA	NA	NA	NA	NA	NA	NA	NA	NA	NA	NA	NA
125	NA	NA	NA	NA	NA	NA	NA	NA	NA	NA	NA	NA	NA	NA	NA
126	NA	NA	NA	NA	NA	NA	NA	NA	NA	NA	NA	NA	NA	NA	NA
127	NA	NA	NA	NA	NA	NA	NA	NA	NA	NA	NA	NA	NA	NA	NA
128	NA	NA	NA	NA	NA	NA	NA	NA	NA	NA	NA	NA	NA	NA	NA
129	NA	NA	NA	NA	NA	NA	NA	NA	NA	NA	NA	NA	NA	NA	NA
130	NA	NA	NA	NA	NA	NA	NA	NA	NA	NA	NA	NA	NA	NA	NA
131	NA	NA	NA	NA	NA	NA	NA	NA	NA	NA	NA	NA	NA	NA	NA
132	NA	NA	NA	NA	NA	NA	NA	NA	NA	NA	NA	NA	NA	NA	NA
133	NA	NA	NA	NA	NA	NA	NA	NA	NA	NA	NA	NA	NA	NA	NA
134	NA	NA	NA	NA	NA	NA	NA	NA	NA	NA	NA	NA	NA	NA	NA
135	NA	NA	NA	NA	NA	NA	NA	NA	NA	NA	NA	NA	NA	NA	NA
136	NA	NA	NA	NA	NA	NA	NA	NA	NA	NA	NA	NA	NA	NA	NA
137	NA	NA	NA	NA	NA	NA	NA	NA	NA	NA	NA	NA	NA	NA	NA
138	NA	NA	NA	NA	NA	NA	NA	NA	NA	NA	NA	NA	NA	NA	NA
139	NA	NA	NA	NA	NA	NA	NA	NA	NA	NA	NA	NA	NA	NA	NA
140	NA	NA	NA	NA	NA	NA	NA	NA	NA	NA	NA	NA	NA	NA	NA
141	NA	NA	NA	NA	NA	NA	NA	NA	NA	NA	NA	NA	NA	NA	NA
142	NA	NA	NA	NA	NA	NA	NA	NA	NA	NA	NA	NA	NA	NA	NA
143	NA	NA	NA	NA	NA	NA	NA	NA	NA	NA	NA	NA	NA	NA	NA
144	NA	NA	NA	NA	NA	NA	NA	NA	NA	NA	NA	NA	NA	NA	NA
145	NA	NA	NA	NA	NA	NA	NA	NA	NA	NA	NA	NA	NA	NA	NA
146	NA	NA	NA	NA	NA	NA	NA	NA	NA	NA	NA	NA	NA	NA	NA
147	NA	NA	NA	NA	NA	NA	NA	NA	NA	NA	NA	NA	NA	NA	NA
148	NA	NA	NA	NA	NA	NA	NA	NA	NA	NA	NA	NA	NA	NA	NA
149	NA	NA	NA	NA	NA	NA	NA	NA	NA	NA	NA	NA	NA	NA	NA
150	NA	NA	NA	NA	NA	NA	NA	NA	NA	NA	NA	NA	NA	NA	NA
151	14	0	0	12584	12472	12448	1	1	1	8	10	7	5	-0.415525711	-1.732697902
152	10	0	0.636111111	9553	4167	5128	0	0	0	5	9	5	5	0.864883396	-1.1181866
153	10	0	1	12737	3560	2392	1	0	0	5	0	5	10	NA	NA
154	10	0	0.733333333	3944	3824	3232	0	0	0	5	9	10	10	0.763935818	-1.184479602
155	10	0	0.222222222	13152	3279	2248	1	0	0	5	10	10	5	0.430580094	-1.087856249
156	10	0	0	2440	2177	2168	0	0	0	5	10	10	10	-0.820439986	-1.534369482
157	10	0	0.486111111	3728	12640	2296	0	1	0	5	5	5	5	0.224685551	-1.247625656
158	12	0	0.402116402	12760	12912	12672	1	1	1	5	5	10	0	-0.308113589	-1.644692655
159	12	0	0.396825397	10719	5801	12568	0	0	1	5	7	7	3	0.002479448	-1.529949494
160	12	0	0.527020202	12448	12416	12432	1	1	1	5	10	10	5	0.778932133	-1.287106193
161	12	0	0.232900433	15528	4264	13840	1	0	1	5	5	6	5	0.053621502	-1.407173044
162	12	0	0.36984127	17264	2688	2168	1	0	0	5	5	10	10	-0.037817776	-1.48367129
163	12	0	0.513888889	2272	2384	2472	0	0	0	10	10	9	8	0.147240626	-1.513187415
164	12	1	0.7	12807	3223	12576	1	0	1	6	10	5	5	1.516708206	-1.01008098
165	12	1	0.343174603	12608	11304	14256	1	0	1	5	7	5	5	0.222507663	-1.378875662
166	14	1	0.321428571	12600	5408	12377	1	0	1	10	10	10	5	0.655302105	-1.386509814
167	14	1	0.452525253	13168	13368	12792	1	1	1	9	10	6	4	0.610749067	-1.497291878
168	16	1	0.393464052	12687	3864	12616	1	0	1	10	10	5	6	NA	NA
169	16	1	0.129487179	13239	3704	3112	1	0	0	10	10	8	8	-0.579022073	-1.954783984
170	16	1	0.092222222	12631	3096	2728	1	0	0	10	10	7	6	-0.263559038	-1.827550747
171	18	0	0.555555556	2328	2184	12384	0	0	1	10	10	10	10	0.040503884	-2.08590085
172	18	0	0.573015873	15776	6960	12576	1	0	1	6	8	6	7	0.823462622	-1.750059421
173	17	0	0.1	12984	12424	12360	1	1	1	5	5	5	5	-0.997667978	-2.239177781
174	17	1	0.177777778	15296	12400	12578	1	1	1	5	5	5	5	-0.819727151	-2.197937638
175	17	1	0.672058824	12674	12473	12512	1	1	1	6	8	8	6	0.772502225	-1.764596915
176	17	1	0.240808081	12872	12480	12448	1	1	1	7	7	7	7	-0.675743907	-2.164561923
177	18	0	0.406940837	2832	3888	12641	0	0	1	10	10	10	5	0.507736891	-1.866912171
178	18	0	0.429292929	12416	12392	12416	1	1	1	7	7	7	7	-0.246293442	-2.152613054
179	18	0	0.651923077	7607	12472	12344	0	1	1	5	0	10	5	1.406949968	-1.561369238
180	19	0	0.507142857	2384	2504	2384	0	0	0	0	0	10	10	-0.069382032	-2.199228897
181	18	1	0.066666667	3520	3319	2175	0	0	0	5	5	7	7	-1.074021337	-2.34510404
182	18	1	0.238823529	12944	12464	12536	1	1	1	10	10	10	10	-0.680274393	-2.253549649
183	18	1	0.34754902	3928	4064	2209	0	0	0	6	6	10	10	-0.432341364	-2.195887153
184	19	0	0.091666667	12589	3487	12391	1	0	1	5	5	NA	NA	-0.664018138	-2.231283188
185	19	0	0	2736	2144	2568	0	0	0	5	7	5	5	-0.901604876	-2.348585995
186	19	0	0.293772894	4537	2240	2872	0	0	0	5	5	10	5	-0.150940202	-2.162602548
187	19	0	0.63003663	12711	4032	12552	1	0	1	5	5	5	5	0.550320775	-1.953309796
188	19	1	0.179166667	2855	3120	12728	0	0	1	5	10	10	10	-0.411652373	-2.223314202
189	19	1	0.015384615	2121	2352	3256	0	0	0	10	10	10	10	-1.191599057	-2.461057213
190	19	1	0.195055821	12680	8968	12424	1	0	1	5	5	5	5	-0.431563971	-2.178028918
191	19	1	0.71463259	9463	12544	12432	0	1	1	5	10	8	5	1.550136191	-1.615345191
192	20	0	0.226923077	12392	12369	12345	1	1	1	10	10	10	10	-0.707445609	-2.436648771
193	20	0	0.1	12432	3319	12384	1	0	1	8	10	5	5	0.154244356	-2.021032624
194	20	0	0.230952381	2208	2671	2135	0	0	0	10	10	10	10	-0.698245105	-2.434494865
195	20	0	0.142857143	9952	2432	2208	0	0	0	10	10	10	10	-0.89958171	-2.481627998
196	20	1	0.183333333	12472	12471	12503	1	1	1	5	5	5	5	-0.807028556	-2.45996156
197	20	1	0.320997807	12576	7352	12424	1	0	1	10	10	10	10	-0.147951058	-2.198618045
198	20	1	0.476831502	2511	2216	2776	0	0	0	10	10	10	10	-0.138232436	-2.303391416
199	20	1	0.212862319	3928	3336	2696	0	0	0	5	10	10	10	-0.334939047	-2.293515692
200	19	0	0.373322511	2600	12687	5528	0	1	0	5	5	10	10	-0.029965072	-2.086068033
